"index","start.station.latitude","start.station.longitude","C","cluster"
"1",40.73532427,-73.99800419,31,74
"2",40.7172274,-73.98802084,31,27
"3",40.69681963,-73.93756926,23,95
"4",40.76663814,-73.95348296,39,43
"5",40.74177603,-74.00149746,39,8
"6",40.72917025,-73.99810231,35,31
"7",40.74475148,-73.99915362,39,8
"8",40.75640548,-73.9900262,59,69
"9",40.76030096,-73.99884222,31,63
"10",40.72019576,-73.98997825,42,27
"11",40.71413311,-73.95234386,36,81
"12",40.74444921,-73.98303529,38,51
"13",40.73226398,-73.99852205,33,74
"14",40.7381765,-73.97738662,30,11
"15",40.72953837,-73.98426726,27,53
"16",40.71427487,-73.98990025,29,65
"17",40.74173969,-73.99415556,47,8
"18",40.71870987,-74.0090009,27,6
"19",40.73047309,-73.98672378,39,74
"20",40.72779126,-73.98564945,27,53
"21",40.72165481,-74.00234737,38,31
"22",40.73524276,-73.98758561,37,51
"23",40.76341379,-73.99667444,24,63
"24",40.77452835,-73.98753759,43,71
"25",40.7546011026,-73.971878855,55,30
"26",40.74025878,-73.98409214,38,51
"27",40.72903917,-73.99404649,27,74
"28",40.73314259,-73.97573881,36,11
"29",40.72217444,-73.98368779,37,53
"30",40.77862688,-73.95772073,59,44
"31",40.70862144,-74.00722156,43,96
"32",40.72740794,-73.98142006,42,53
"33",40.73223272,-73.98889957,35,53
"34",40.74854862,-73.98808416,29,20
"35",40.68851534,-73.9647628,27,13
"36",40.7284186,-73.98713956,39,53
"37",40.72317958,-73.99480012,27,31
"38",40.73564,-73.95866,27,88
"39",40.74238787,-73.99726235,31,8
"40",40.71559509,-73.9870295,28,65
"41",40.74734825,-73.99723551,35,8
"42",40.734232,-73.986923,27,53
"43",40.7031724,-73.940636,24,54
"44",40.74345335,-74.00004031,37,8
"45",40.724055,-73.955736,24,75
"46",40.710451,-73.960876,43,28
"47",40.71291224,-74.01020234,23,6
"48",40.71605866,-73.99190759,43,27
"49",40.76227205,-73.98788205,59,63
"50",40.75466591,-73.99138152,51,12
"51",40.74487634,-73.99529885,39,8
"52",40.73331967,-73.99510132,31,74
"53",40.71534825,-73.96024116,31,81
"54",40.72082834,-73.97793172,23,27
"55",40.689888,-73.981013,51,62
"56",40.75645824,-73.99372222,41,63
"57",40.7208736,-73.98085795,31,92
"58",40.74195138,-74.00803013,37,17
"59",40.72079821,-73.95484712,27,29
"60",40.74901271,-73.98848395,36,69
"61",40.72228087,-73.97668709,22,92
"62",40.7489006,-73.97604882,45,21
"63",40.71307916,-73.99851193,27,96
"64",40.73047747,-73.99906065,36,74
"65",40.72110063,-73.9919254,38,27
"66",40.74691959,-74.00451887,46,8
"67",40.7462009,-73.98855723,39,12
"68",40.75001986,-73.96905301,39,77
"69",40.7451677,-73.98683077,47,51
"70",40.7390169121,-74.0026376103,43,98
"71",40.77801203,-73.95407149,39,50
"72",40.72621788,-73.98379855,31,53
"73",40.7403432,-73.98955109,41,51
"74",40.73232194,-73.9550858,34,88
"75",40.71260486,-73.96264403,25,97
"76",40.749717753,-74.002950346,35,8
"77",40.73492695,-73.99200509,36,74
"78",40.76340613,-73.97722479,36,1
"79",40.73266,-73.95826,35,88
"80",40.70925562,-73.95982218,27,10
"81",40.75255434,-73.97282625,32,30
"82",40.71219906,-73.97948148,24,47
"83",40.72490985,-74.00154702,42,31
"84",40.73172428,-74.00674436,31,98
"85",40.73454567,-73.99074142,47,53
"86",40.72955361,-73.98057249,39,53
"87",40.71413089,-73.9970468,35,65
"88",40.7361967,-74.00859207,31,98
"89",40.73652889,-74.00618026,27,98
"90",40.72405549,-74.00965965,23,18
"91",40.7014851,-73.98656928,27,4
"92",40.6883337,-73.950916,23,38
"93",40.76312584,-73.96526895,51,89
"94",40.73291553,-74.00711384,36,98
"95",40.72708584,-73.95299117,27,75
"96",40.71924,-73.95242,39,81
"97",40.73221853,-73.98165557,45,53
"98",40.69363137,-73.96223558,23,67
"99",40.71754834,-74.01322069,31,19
"100",40.7575699,-73.99098507,41,63
"101",40.70767788,-73.94016171,31,52
"102",40.71103537,-73.94714303,24,81
"103",40.694528,-73.958089,27,23
"104",40.76727216,-73.99392888,39,22
"105",40.71926081,-73.98178024,15,27
"106",40.73543934,-73.99453948,55,74
"107",40.73261787,-73.99158043,27,74
"108",40.73038599,-74.00214988,38,74
"109",40.72229346,-73.99147535,34,27
"110",40.77573034,-73.9567526,47,50
"111",40.7037992,-74.00838676,37,35
"112",40.70463334,-74.01361706,36,19
"113",40.73649403,-73.99704374,35,74
"114",40.75929124,-73.98859651,43,63
"115",40.73827428,-73.98751968,29,51
"116",40.72311651,-73.95212324,39,75
"117",40.68940747,-73.96885458,23,83
"118",40.7612274,-73.96094022,59,89
"119",40.715143,-73.944507,25,73
"120",40.7158155,-73.99422366,29,65
"121",40.74708586,-73.94977234,23,84
"122",40.75968085,-73.97031366,36,30
"123",40.71893904,-73.99266288,39,27
"124",40.72299208,-73.97995466,31,92
"125",40.77565541,-73.95068615,31,90
"126",40.76019252,-73.9912551,31,63
"127",40.77748046,-73.98288594,31,71
"128",40.69072549,-73.95133465,23,79
"129",40.75797322,-73.96603308,29,45
"130",40.72066442,-73.98517977,35,27
"131",40.74395411,-73.99144871,35,51
"132",40.71044554,-73.96525063,27,97
"133",40.73912601,-73.97973776,47,11
"134",40.74394314,-73.97966069,47,21
"135",40.74334935,-74.00681753,28,8
"136",40.73401143,-74.00293877,38,98
"137",40.768254,-73.988639,27,22
"138",40.69766564,-73.98476437,19,60
"139",40.71076228,-73.99400398,23,48
"140",40.73224119,-74.00026394,35,74
"141",40.7016657,-73.9437303,27,54
"142",40.75455731,-73.96592976,35,77
"143",40.7652654,-73.98192338,59,1
"144",40.71286844,-73.95698119,31,81
"145",40.72743423,-73.99379025,23,53
"146",40.72362738,-73.99949601,31,31
"147",40.73587678,-73.98205027,39,11
"148",40.69236178,-73.98631746,39,56
"149",40.72521311,-73.97768752,32,92
"150",40.7867947,-73.977112,63,72
"151",40.71745169,-73.95850939,28,10
"152",40.75323098,-73.97032517,47,70
"153",40.71269042,-73.98776323,27,65
"154",40.76695317,-73.98169333,39,1
"155",40.72153267,-73.95782357,27,81
"156",40.71167351,-73.95141312,25,81
"157",40.74317449,-74.00366443,27,8
"158",40.69165183,-73.9999786,31,7
"159",40.70823502,-74.00530063,37,96
"160",40.74144387,-73.97536082,29,21
"161",40.68382604,-73.97632328,61,57
"162",40.70877084,-73.95095259,33,81
"163",40.71748752,-74.0104554,25,6
"164",40.7454973,-74.00197139,36,8
"165",40.72710258,-74.00297088,29,31
"166",40.70365182,-74.01167797,35,35
"167",40.7160751,-73.952029,19,81
"168",40.75594159,-74.0021163,38,40
"169",40.74096374,-73.98602213,53,51
"170",40.73704984,-73.99009296,59,51
"171",40.749156,-73.9916,42,12
"172",40.76461837,-73.98789473,31,63
"173",40.71273266,-74.0046073,39,36
"174",40.76009437,-73.99461843,35,63
"175",40.76269882,-73.99301222,25,63
"176",40.76370739,-73.9851615,31,63
"177",40.75097711,-73.98765428,57,78
"178",40.7568001,-73.98291153,33,30
"179",40.74524768,-73.94733276,27,86
"180",40.75019995,-73.99093085,49,20
"181",40.76228826,-73.98336183,52,1
"182",40.7770575,-73.97898475,65,71
"183",40.77896784,-73.97374737,39,14
"184",40.71406667,-73.99293911,24,65
"185",40.71910537,-73.99973337,27,6
"186",40.74290902,-73.97706058,39,21
"187",40.75022392,-73.97121414,39,70
"188",40.74780373,-73.9734419,39,77
"189",40.71622644,-73.98261206,23,27
"190",40.75714758,-73.97207836,51,30
"191",40.72467721,-73.98783413,31,53
"192",40.71739973,-73.98016555,29,66
"193",40.72938685,-73.97772429,33,53
"194",40.71542197,-74.01121978,33,6
"195",40.70569254,-74.01677685,24,19
"196",40.73971301,-73.99456405,46,51
"197",40.7423543,-73.98915076,52,51
"198",40.73935542,-73.99931783,39,8
"199",40.77492513,-73.98266566,31,71
"200",40.711512,-74.015756,24,19
"201",40.69580705,-73.97355569,23,83
"202",40.69474881,-73.98362464,27,4
"203",40.71117416,-74.00016545,27,48
"204",40.7728384,-73.94989233,43,50
"205",40.7457121,-73.98194829,41,12
"206",40.71117444,-73.99682619,35,48
"207",40.78524672,-73.97667321,39,72
"208",40.69760127,-73.99344559,31,7
"209",40.72368361,-73.97574813,24,92
"210",40.7153379,-74.01658354,38,19
"211",40.70834698,-74.01713445,49,19
"212",40.77140426,-73.9535166,55,43
"213",40.73624527,-73.98473765,35,51
"214",40.75110165,-73.94073717,31,46
"215",40.76095756,-73.96724467,33,2
"216",40.78499979,-73.97283406,35,72
"217",40.76669671,-73.99061728,26,22
"218",40.75660359,-73.9979009,31,63
"219",40.78472675,-73.96961715,31,14
"220",40.68926942,-73.98912867,35,56
"221",40.68650065,-73.96563307,19,13
"222",40.77677702,-73.9590097,46,44
"223",40.70955958,-74.00653609,43,96
"224",40.698617,-73.941342,23,95
"225",40.74765947,-73.98490707,39,69
"226",40.72453734,-73.98185424,27,53
"227",40.68753406,-73.97265183,31,13
"228",40.75510267,-73.97498696,55,30
"229",40.7643971,-73.97371465,59,15
"230",40.682601,-73.938037,19,39
"231",40.752062307,-73.9816324043,55,69
"232",40.73726186,-73.99238967,47,9
"233",40.7785669,-73.97754961,27,71
"234",40.78339981,-73.98093133,39,72
"235",40.75500254,-73.98014437,44,64
"236",40.71850211,-73.98329859,23,27
"237",40.6851443,-73.95380904,23,26
"238",40.69573398,-73.97129668,19,93
"239",40.70224,-73.982578,23,4
"240",40.770513,-73.988038,55,71
"241",40.71911552,-74.00666661,33,6
"242",40.6845683,-73.95881081,19,68
"243",40.75172632,-73.98753523,57,69
"244",40.70870368,-73.9448625,24,52
"245",40.68807003,-73.98410637,30,56
"246",40.72606,-73.95621,31,75
"247",40.7597108,-73.97402311,35,30
"248",40.68676793,-73.95928168,19,68
"249",40.70706456,-74.00731853,27,96
"250",40.680342423,-73.9557689392,25,24
"251",40.71247661,-73.94100005,30,82
"252",40.693261,-73.968896,33,83
"253",40.744219,-73.97121214,42,77
"254",40.70717936,-74.00887308,39,96
"255",40.78414472,-73.98362492,59,41
"256",40.77536905,-73.94803392,55,50
"257",40.76344058,-73.98268129,57,1
"258",40.71602118,-73.99974372,43,6
"259",40.700469,-73.991454,37,60
"260",40.71146364,-74.00552427,31,96
"261",40.7047177,-74.00926027,42,35
"262",40.71939226,-74.00247214,39,6
"263",40.75038009,-73.98338988,39,69
"264",40.71473993,-74.00910627,29,6
"265",40.72325,-73.94308,19,73
"266",40.70583339,-73.94644578,24,54
"267",40.69308257,-73.97178913,23,83
"268",40.75527307,-73.98316936,57,3
"269",40.76087502,-74.00277668,51,40
"270",40.77112927,-73.95772297,41,43
"271",40.76915505,-73.98191841,36,71
"272",40.74731,-73.95451,27,58
"273",40.75299641,-73.98721619,50,12
"274",40.771522,-73.990541,36,42
"275",40.68981035,-73.97493121,23,83
"276",40.73535398,-74.00483091,20,98
"277",40.68223166,-73.9614583,31,68
"278",40.7734066,-73.97782542,43,16
"279",40.76584941,-73.98690506,39,22
"280",40.72557,-73.94434,24,75
"281",40.7149787,-74.013012,41,19
"282",40.69608941,-73.97803415,19,34
"283",40.70355377,-74.00670227,29,96
"284",40.75828065,-73.97069431,34,30
"285",40.6851532,-73.94111,21,76
"286",40.72243797,-74.00566443,47,6
"287",40.69196035,-73.96536851,31,83
"288",40.70255088,-73.98940236,30,60
"289",40.76500525,-73.95818491,59,43
"290",40.70029511,-73.95032283,27,54
"291",40.71285887,-73.96590294,23,97
"292",40.73555,-73.95284,30,88
"293",40.78275,-73.97137,45,14
"294",40.69239502,-73.99337909,24,61
"295",40.70691254,-73.95441667,27,81
"296",40.69089272,-73.99612349,23,7
"297",40.716887,-73.963198,27,97
"298",40.71450451,-74.00562789,39,6
"299",40.74232744,-73.95411749,45,32
"300",40.70905623,-74.01043382,45,96
"301",40.76590936,-73.97634151,49,15
"302",40.77163851,-73.98261428,31,71
"303",40.71625008,-74.0091059,39,6
"304",40.72906,-73.95779,33,75
"305",40.78720869,-73.98128127,59,41
"306",40.68216564,-73.95399026,27,68
"307",40.77518615,-73.94446054,47,50
"308",40.68415748,-73.96922273,27,57
"309",40.69196566,-73.9813018,31,62
"310",40.69128258,-73.9452416,18,95
"311",40.68312489,-73.97895137,34,57
"312",40.713126,-73.984844,20,65
"313",40.69327018,-73.97703874,23,93
"314",40.69839895,-73.98068914,19,4
"315",40.68764484,-73.96968902,23,13
"316",40.70934,-73.95608,21,81
"317",40.72580614,-73.97422494,24,92
"318",40.696192,-73.991218,31,37
"319",40.686312,-73.935775,22,39
"320",40.69221589,-73.9842844,31,56
"321",40.69512845,-73.99595065,34,7
"322",40.70255065,-74.0127234,31,35
"323",40.6823687,-73.944118,21,76
"324",40.69610226,-73.96751037,23,5
"325",40.68539567,-73.97431458,27,57
"326",40.77282817,-73.96685276,30,16
"327",40.73026,-73.95394,27,88
"328",40.71782143,-73.97628939,19,66
"329",40.72185379,-74.00771779,23,6
"330",40.71348658,-73.94792458,19,52
"331",40.70122128,-74.01234218,39,49
"332",40.70530954,-74.00612572,38,96
"333",40.6894932,-73.942061,19,76
"334",40.71469,-73.95739,25,81
"335",40.69991755,-73.98971773,27,37
"336",40.75206862,-73.96784384,31,70
"337",40.75052534,-73.94594845,23,91
"338",40.70853074,-73.96408963,23,97
"339",40.7258483,-73.95064893,25,75
"340",40.68691865,-73.976682,31,57
"341",40.68488,-73.96304,18,68
"342",40.711863,-73.944024,23,82
"343",40.71494807,-74.00234482,43,6
"344",40.75992262,-73.97648516,39,30
"345",40.69597683,-73.99014892,23,37
"346",40.6900815,-73.947915,23,23
"347",40.71173107,-73.99193043,27,48
"348",40.6800105,-73.938475,27,39
"349",40.69237074,-73.93705428,24,95
"350",40.69878,-73.99712,31,7
"351",40.70037867,-73.99548059,23,7
"352",40.72179134,-73.9504154,27,75
"353",40.70411791,-73.94818595,25,52
"354",40.71774592,-73.95600096,30,29
"355",40.7190095,-73.95852515,27,29
"356",40.7169811,-73.94485918,18,81
"357",40.68900443,-73.96023854,27,68
"358",40.71928,-73.94861,43,81
"359",40.71929301,-73.94500379,23,73
"360",40.69794,-73.96986848,23,5
"361",40.76440023,-73.96648977,39,89
"362",40.69539817,-73.94954908,23,95
"363",40.70538077,-73.94976519,19,52
"364",40.6809833854,-73.9500479759,24,80
"365",40.68683208,-73.9796772,35,57
"366",40.70510918,-73.94407279,23,52
"367",40.74161,-73.96044,20,85
"368",40.74718234,-73.9432635,34,84
"369",40.68402,-73.94977,19,68
"370",40.69425403,-73.94626915,19,95
"371",40.6906495,-73.95643107,19,23
"372",40.6933982,-73.939877,19,95
"373",40.69957608,-73.94708417,19,54
"374",40.70277159,-73.99383605,39,60
"375",40.74469738,-73.93540375,27,87
"376",40.76350532,-73.97109243,35,2
"377",40.73165141,-73.96161892,23,33
"378",40.74966,-73.9521,35,84
"379",40.70531194,-73.97100056,12,25
"380",40.69331716,-73.95381995,19,23
"381",40.71764,-73.94882,31,81
"382",40.70281858,-73.98765762,24,60
"383",40.70708701,-73.95796783,33,55
"384",40.6814598,-73.934903,19,39
"385",40.69527008,-73.95238108,20,23
"386",40.743,-73.93561,27,59
"387",40.6794268,-73.9298911,18,94
"388",40.69622937,-73.94371094,21,95
"389",40.67890679,-73.94142771,24,76
